Number of Agents: 8 

Features of Agents
[[  6.33  13.    66.    23.     8.     3.     0.    47.     3.     0.35
    1.2 ]
 [  7.33  15.    66.    23.     3.     6.     0.6   60.     3.     0.35
    1.2 ]
 [  8.33  17.    66.    23.     7.    12.     0.    43.     3.     0.35
    1.2 ]
 [  9.33  23.    66.    23.     7.    17.     0.3   60.     3.     0.35
    1.2 ]
 [ 10.33   8.    66.    23.     6.    26.     0.4   60.     3.     0.35
    1.2 ]
 [ 11.33   8.    66.    23.     6.    30.     0.36  60.     3.     0.35
    1.2 ]
 [ 12.33  12.    66.    23.     2.    36.     0.63  76.     3.     0.35
    1.2 ]
 [ 13.33  16.    66.    23.    12.    47.     0.66  60.     3.     0.35
    1.2 ]] 

Wall Matrix
[[  3.33   3.33  29.97   3.33]
 [  3.33   3.33   3.33  33.31]
 [  3.33  33.31  29.97  33.31]
 [ 23.31   3.33  30.    14.02]
 [ 30.    20.92  23.31  33.31]
 [ 30.    14.02  37.    14.02]
 [ 30.    20.92  37.    20.92]
 [ 46.     8.    46.    27.  ]] 

D Matrix
[[ 1.   1.   1.   1.   1.   3.   3.   1. ]
 [ 1.   1.3  1.   1.6  1.   1.   1.   1. ]
 [ 1.   1.   1.   1.   1.   1.   1.   1. ]
 [ 1.   1.   1.3  1.   1.   1.   1.   1. ]
 [ 1.   1.   1.   1.   1.   1.2  1.   1. ]
 [ 1.   1.6  1.   2.2  1.   1.   1.   1. ]
 [ 1.   1.   1.   1.   1.   1.   1.   1. ]
 [ 1.   1.   1.   3.2  1.   1.   1.   1. ]] 

A Matrix
[[  0.   22.3   0.    1.    1.    0.    0.    0.3]
 [ 16.    0.    1.    1.    1.    1.    1.    1. ]
 [  0.    1.    2.    1.2   1.    1.3   1.    0.6]
 [  1.    1.    0.3   0.    1.    1.    0.6   1.2]
 [  1.    1.    1.    1.    4.    1.    1.    1. ]
 [  1.    0.    1.    1.    1.    0.    0.    1. ]
 [  1.    1.    1.    1.    1.    0.    6.    0. ]
 [  0.2   1.    1.    0.3   1.    1.    0.    2. ]] 

B Matrix
[[  1.   20.    3.    1.    3.    3.    6.    1. ]
 [ 16.    1.    1.    1.    1.    1.    1.    1. ]
 [  2.    2.    3.    1.    1.    2.    1.    3. ]
 [  1.    0.6   1.    1.    1.    1.    1.    1. ]
 [  1.    1.    1.    1.    3.    1.    6.    1. ]
 [  1.2   1.6   1.    1.    1.    1.    2.2   1. ]
 [  1.    7.6  13.3   1.    1.    1.    1.    1. ]
 [  1.    1.    1.    0.3   1.    3.6   1.    1. ]] 

Time to Reach the Goal: 33521
Time to Reach the Goal: 37352
Time to Reach the Goal: 40101
Time to Reach the Goal: 45327
Time to Reach the Goal: 49450
Time to Reach the Goal: 54153
Time to Reach the Goal: 69122
Time to Reach the Goal: 74336
